Sref = 9.100000 
Cref = 1.300000 
Bref = 7.000000 
X_cg = 4.501298 
Y_cg = 0.000000 
Z_cg = -0.139218 
Mach = 0.040000 
AoA = -5.000000, -1.041667, 2.916667, 6.875000, 10.833333, 14.791667, 18.750000, 22.708333, 26.666667, 30.625000, 34.583333, 38.541667, 42.500000, 46.458333, 50.416667, 54.375000, 58.333333, 62.291667, 66.250000, 70.208333, 74.166667, 78.125000, 82.083333, 86.041667, 90.000000 
Beta = 0.000000 
Vinf = 100.000000 
Rho = 0.002377 
ReCref = 19500.000000 
ClMax = -1.000000 
MaxTurningAngle = -1.000000 
Symmetry = NO 
FarDist = -1.000000 
NumWakeNodes = 64 
WakeIters = 5 
NumberOfControlGroups = 0 
Preconditioner = Matrix 
Karman-Tsien Correction = N 
Stability Type = 0 
